3423
101703
172850
267493
319589
354534
359920
414813
429910
464364
550361
617345
710902
807749
820743
851717
863564
946626
948562
960359
1030492
1101067
1172350
1213112
1270812
1279264
1304652
1322099
1411902
1506400
1540669
1613925
1697479
1736985
1778219
1832633
1846895
1941433
2022110
2116592
2125489
2126565
2139385
2193437
2257224
2288842
2335059
2388023
2426873
2490946
2528517
2614997
2654703
2729321
2806319
2894225
2911114
2984802
3009575
3081168
3099562
3151356
3159625
3226947
3266905
3272851
3321359
3379684
3383522
3425242
3433075
3499848
3582851
3629597
3694061
3777185
3823156
3846545
3887795
3926924
3981510
4020840
4094341
4189361
4214278
4220981
4249129
4308712
4394835
4434316
4466132
4486986
4552508
4583294
4638598
4733025
4773823
4871049
4876693
4960073
4986425
4988160
5068994
5138719
5186290
5233172
5309376
5360018
5435437
5474090
5498701
5552301
5560138
5596999
5658260
5685990
5767004
5787458
5848613
5939439
5999897
6068809
6129761
6131501
6178053
6208184
6250060
6270306
6274142
6351818
6371358
6423132
6487414
6510698
6519680
6619679
6645985
6673234
6763960
6795350
6882474
6940146
6945913
7032672
7053506
7086360
7170003
7196675
7293409
7364184
7460480
7460925
7515785
7566356
7609581
7661651
7694706
7718247
7796704
7886370
7930811
7954705
7999809
8029393
8087343
8132949
8203984
8229952
8294296
8330966
8423833
8440399
8444149
8517568
8544210
8570571
8612768
8629840
8703635
8789713
8797785
8831700
8836751
8925399
8938320
8966426
8995116
9005404
9007411
9034821
9120554
9192426
9231582
9236396
9336387
9412242
9424449
9464637
9485246
9512348
9581688
9610127
9708760
9804912
9842518
9893658
9906549
9959850
9982595
10007718
10031412
10059995
10128574
10137063
10209254
10304046
10305265
10368613
10388438
10456137
10533159
10583499
10659917
10661014
10725035
10745225
10763930
10805109
10874092
10893604
10944421
10993653
11092821
11176741
11254916
11351694
11376063
11427119
11464309
11488691
11572807
11657940
11722162
11742261
11772758
11806629
11893413
11906968
11913571
11969914
12036735
12057535
12104239
12126779
12163596
12199724
12285452
12306071
12351888
12368433
12394817
12455236
12538348
12544709
12582223
12609135
12613478
12674977
12760130
12843586
12937926
12955594
12977428
13065833
13106892
13188642
13205645
13286217
13324132
13343526
13367135
13385463
13477471
13560844
13630061
13725746
13805361
13877954
13943403
14012205
14038069
14110863
14122907
14184750
14209579
14302017
14330701
14341461
14389165
14399383
14484139
14540805
14627886
14720424
14743401
14755174
14779685
14797952
14865731
14948173
14951441
15037376
15065062
15070043
15158650
15227112
15227303
15280726
15319902
15322595
15399786
15455866
15515414
15550413
15606129
15614994
15654122
15672002
15742829
15771152
15779187
15830185
15920921
15985774
15993796
15998445
16066015
16111387
16179307
16259968
16333028
16367978
16373036
16430524
16473887
16499898
16580715
16634463
16637347
16733966
16769110
16821174
16852324
16894237
16929687
16969867
17048450
17122567
17149682
17209194
17264417
17357996
17443566
17531745
17552224
17641703
17740241
17765041
17805619
17892923
17941108
17965624
17995172
18072407
18091609
18117590
18156211
18171118
18171666
18209106
18271362
18320353
18391202
18421783
18442509
18521036
18577747
18584095
18631235
18653947
18667261
18743166
18770436
18809070
18840073
18870449
18894620
18973434
19069443
19078209
19119973
19209320
19248759
19295039
19344282
19378578
19454461
19549359
19623336
19681469
19756843
19789171
19789280
19883383
19929273
19958437
20006853
20007247
20099557
20145960
20216351
20309060
20365921
20396099
20400338
20454093
20553225
20593615
20602635
20681486
20721704
20732821
20815573
20866706
20874894
20951144
21002623
21083979
21101269
21176004
21246869
21305951
21377839
21428857
21432715
21482862
21546756
21633158
21717095
21760020
21782803
21806784
21827845
21829863
21860168
21950243
21980162
22026270
22059374
22096289
22119101
22210485
22243783
22319818
22397378
22413617
22424067
22438451
22467073
22510249
22607538
22643445
22665422
22678474
22735392
22817388
22818445
22896364
22978984
22998446
23031890
23039294
23090362
23172338
23246833
23298419
23319790
23334859
23372077
23449579
23498457
23562782
23610598
23654229
23707096
23768695
23816376
23821630
23829969
23887188
23895900
23914231
23994202
24050141
24141614
24237451
24299568
24307237
24315177
24327634
24357891
24359483
24374287
24422283
24460424
24475551
24533987
24579687
24600180
24665557
24690507
24746792
24841999
24930100
24931033
24980182
25061415
25112751
25114299
25170089
25202146
25228861
25249998
25308836
25322902
25331126
25421082
25455404
25507539
25521826
25600599
25603960
25611562
25692113
25736305
25783746
25823411
25875745
25904252
25915110
25988453
26054875
26072846
26087320
26165008
26224367
26304131
26397034
26461796
26557106
26635851
26669163
26684512
26774367
26810427
26826934
26844458
26921200
27011060
27080223
27173689
27179088
27251216
27343699
27435703
27500292
27501357
27587210
27661700
27720168
27738945
27758886
27776664
27808118
27866341
27886495
27909135
27987739
28046852
28107257
28192061
28244904
28276630
28369898
28452855
28533527
28598905
28681982
28728883
28809155
28890145
28937637
29007855
29012611
29105543
29165791
29242996
29322195
29362915
29427782
29444110
29478198
29555611
29577054
29669544
29706678
29798577
29892264
29894720
29965819
29977601
30050150
30054818
30105442
30187035
30201964
30224616
30300572
30363642
30453932
30535125
30587713
30628578
30678317
30746796
30795686
30885313
30969369
31022506
31033842
31076718
31115359
31152835
31195753
31217717
31307141
31344317
31346015
31369529
31427432
31490776
31521342
31568498
31602370
31701922
31738384
31807154
31887179
31947282
32035253
32073131
32159239
32173257
32234010
32239443
32316251
32332234
32430559
32445662
32503112
32543030
32545866
32628337
32658287
32730735
32786621
32884025
32971564
33022164
33063045
33116165
33147072
33196255
33276643
33281818
33290185
33341135
33433823
33475424
33570347
33625961
33715005
33786196
33832326
33888536
33976254
34033938
34114384
34150468
34244046
34274250
34352044
34398527
34413750
34454129
34545850
34602953
34691322
34696809
34697411
34795059
34823665
34891838
34919658
34989707
35064250
35075935
35150496
35241266
35284302
35358039
35443251
35515707
35567907
35594213
35664712
35684985
35708663
35725277
35807448
35832663
35910416
35925420
36010123
36079502
36090469
36185944
36189708
36234000
36260306
36332629
36362252
36384072
36403390
36503282
36602060
36619624
36667938
36683691
36692715
36772338
36812738
36843391
36924751
37023779
37088062
37121167
37182845
37203988
37252792
37345129
37429075
37462037
37541869
37616146
37668742
37719030
37764806
37850035
37876191
37892389
37980824
38034327
38085250
38152887
38202981
38208419
38298604
38393470
38469120
38515097
38515340
38523118
38526293
38605676
38696761
38777922
38845917
38922570
38949481
38965780
39024364
39119788
39168352
39243780
39303442
39391809
39449100
39535865
39540079
39626175
39686975
39785192
39860389
39920008
40010743
40051140
40128234
40165006
40219858
40235490
40241561
40273483
40283716
40344670
40403757
40481345
40519510
40558026
40572267
40585566
40680705
40732061
40810251
40872881
40884513
40888161
40947843
40988850
41080895
41165626
41230358
41314746
41322364
41407092
41445511
41477845
41497713
41569880
41623782
41633788
41688666
41772177
41852062
41873392
41899728
41935644
41959073
42047320
42125974
42147579
42237946
42312009
42371440
42412158
42481589
42547224
42638871
42639360
42732857
42826423
42860179
42913818
42991587
43039422
43074232
43164792
43175322
43265348
43271565
43357379
43394962
43416921
43417795
43443826
43488315
43572912
43618894
43651316
43733980
43750562
43781213
43801329
43838847
43885177
43955905
43983231
43987133
44021701
44093273
44117078
44202757
44248318
44281872
44357047
44420690
44488907
44579677
44600700
44601734
44641994
44658266
44754462
44796940
44854805
44929154
44963722
45009280
45085303
45119879
45189914
45278879
45302988
45377991
45456270
45545703
45581603
45661589
45720679
45722346
45801076
45823509
45916078
45965078
46040507
46080583
46107075
46201946
46294725
46302521
46341265
46434249
46443767
46491605
46546469
46598195
46659224
46676716
46698031
46722085
46821335
46878174
46889141
46936264
46938540
46988423
47027679
47103940
47146937
47224769
47294648
47316334
47402844
47478518
47553892
47580132
47593464
47669656
47710118
47749758
47775444
47820096
47835820
47889889
47928668
48014955
48091027
48152579
48174702
48211980
48305899
48337778
48392282
48404802
48443836
48487391
48530094
48591387
48611736
48659524
48699925
48710208
48723795
48803709
48846613
48889518
48975362
49066249
49145518
49183142
49202413
49232528
49257696
49296709
49355809
49375610
49444309
49478118
49486780
49583912
49622341
49715842
49726200
49810678
49898615
49938862
49989429
49992958
50045446
50063281
50078276
50117481
50137562
50139065
50202493
50276335
50286877
50294756
50333982
50375068
50449267
50486788
50570839
50643408
50647980
50660822
50760380
50836455
50889057
50958260
50976701
51047786
51094562
51130120
51178573
51218912
51299596
51386376
51474759
51541561
51636862
51710317
51741430
51774521
51846869
51912494
51981144
52072961
52167186
52242507
52255896
52310691
52337578
52351208
52399642
52435080
52510300
52512022
52547169
52550621
52578372
52646937
52722400
52802289
52840547
52923070
53022332
53034034
53071847
53158755
53180837
53211893
53282460
53307120
53406345
53445495
53516737
53593859
53649539
53734484
53782517
53830260
53850898
53856102
53878023
53883663
53951017
54006999
54085981
54104086
54181914
54184481
54203304
54225293
54263254
54297684
54360403
54432825
54489569
54581091
54662261
54727361
54774152
54848891
54928554
54933309
55001642
55024572
55028495
55075657
55097292
55152936
55219274
55292369
55293782
55326548
55377134
55377722
55422613
55500821
55595252
55686140
55765496
55796431
55871643
55925117
55937052
55960801
56026041
56080889
56178693
56186128
56231930
56307664
56384261
56407462
56427443
56452705
56523294
56572084
56663641
56748124
56816192
56900599
56935074
56958090
56963423
57027853
57076161
57100714
57183700
57280808
57305731
57311844
57387854
57405642
57465476
57487137
57585847
57655391
57744460
57819672
57880788
57932951
58018030
58089168
58154708
58249801
58329209
58421010
58437716
58463229
58515941
58591476
58628200
58664461
58761938
58770877
58857388
58925676
58940619
58942467
59018683
59072383
59147757
59180979
59226336
59258492
59355491
59415413
59481927
59569931
59647067
59743830
59824283
59824321
59924211
59979654
59993725
60083345
60142215
60232507
60260488
60333550
60426221
60431881
60479131
60486284
60546010
60615455
60671954
60761041
60812685
60834289
60910957
60986858
61055761
61138820
61181008
61255724
61257436
61307501
61356601
61378146
61465981
61468203
61469598
61519000
61568401
61660650
61755444
61815421
61887545
61940684
62010535
62105319
62183738
62193953
62288736
62310828
62327705
62377259
62385043
62413154
62476712
62532448
62590672
62631964
62708974
62742820
62754292
62807459
62902695
62999572
63074597
63160518
63201203
63256432
63315324
63350956
63375960
63466530
63548342
63591281
63645825
63738790
63798891
63806343
63817999
63850861
63885262
63976017
64000012
64073447
64078895
64105025
64142485
64155177
64230905
64327034
64389796
64407949
64462826
64537900
64596922
64597300
64654981
64735326
64775874
64777386
64833524
64848811
64901451
64982776
65041744
65065994
65086680
65130427
65220831
65279125
65370566
65388773
65400676
65403780
65413649
65492331
65572825
65637075
65689775
65700686
65789251
65839328
65919582
66001971
66009362
66104439
66165497
66190670
66266004
66308257
66381170
66462258
66550086
66574007
66646969
66717506
66772163
66792854
66878673
66919211
67015054
67083589
67109901
67152542
67215753
67271175
67369606
67397252
67414853
67447147
67541788
67576146
67602595
67610972
67659801
67738690
67798068
67834607
67839795
67857907
67895242
67968728
68007624
68089305
68183121
68203493
68287479
68359791
68384891
68429959
68485894
68525051
68604790
68642497
68717601
68778923
68808566
68860368
68944629
68946219
69027231
69081800
69175285
69234258
69300054
69330787
69408418
69470166
69522949
69561787
69574830
69591587
69638845
69691030
69697778
69719415
69773504
69787417
69881645
69890139
69925841
69998694
70013672
70051870
70093173
70111559
70170518
70235266
70281929
70353453
70429252
70484952
70578338
70645385
70725839
70767212
70767231
70779152
70874587
70945844
71023383
71029097
71033613
71129560
71216915
71231942
71308003
71392285
71468648
71493529
71546095
71622274
71696120
71779896
71869349
71968428
72050919
72143136
72175307
72201150
72245857
72310956
72365614
72433769
72500880
72565868
72637171
72680233
72746246
72755844
72778473
72871522
72948717
73043517
73081308
73105956
73133812
73163331
73228191
73299196
73364086
73387445
73445552
73453767
73538827
73561169
73565423
73613948
73666866
73698985
73784050
73840813
73871257
73967407
73975738
73982387
74058073
74097004
74104026
74115964
74180387
74271861
74354898
74421216
74496040
74537863
74569986
74644781
74743431
74762203
74846425
74884529
74903635
74936279
74940907
75011251
75064251
75108306
75156115
75249683
75262438
75303998
75332619
75374557
75375637
75429598
75433094
75456116
75473388
75498355
75561354
75613045
75692708
75720967
75786800
75820065
75918859
75986586
76043108
76113586
76148815
76194397
76241418
76299708
76340554
76363442
76456469
76497002
76573135
76672233
76727143
76798275
76816027
76839104
76901065
76910771
76969012
76992693
77054332
77116470
77169627
77202100
77206247
77216250
77231039
77241955
77252904
77349469
77365075
77381821
77469346
77496628
77562992
77629435
77666317
77726101
77751748
77839731
77938785
77950282
77976495
77981962
78001974
78077178
78113246
78116264
78138309
78142027
78188322
78223557
78294111
78320455
78377168
78416729
78417892
78492134
78519770
78524251
78563753
78568634
78586568
78607124
78658768
78666222
78727148
78766772
78768187
78823130
78828675
78843882
78865080
78927944
78970707
79008607
79035134
79053514
79118769
79119918
79127405
79202654
79234950
79240051
79263289
79263353
79328942
79332561
79364230
79408928
79491484
79503136
79592752
79604040
79671675
79749387
79780695
79854540
79902746
79935133
79938445
80027554
80099095
80171241
80261963
80360474
80391808
80418956
80473612
80568969
80666668
80710560
80793558
80855595
80896296
80908211
80974113
81000560
81076117
81107832
81203277
81258088
81313891
81385166
81396936
81427424
81442891
81536460
81625477
81653635
81717661
81789301
81827403
81920454
81969090
82025024
82114037
82140466
82160821
82258937
82324467
82389412
82436184
82491662
82504057
82507570
82521604
82597471
82618897
82657048
82743339
82809556
82835574
82876511
82947868
82953193
83047313
83055879
83149085
83217709
83248108
83344472
83369238
83456146
83543831
83589545
83653608
83712398
83753564
83831204
83911512
83972518
84024996
84047107
84118124
84175901
84267861
84304876
84367849
84391384
84424171
84458762
84553226
84651164
84732538
84784210
84878318
84884187
84919887
85014097
85049012
85140998
85218822
85302779
85319377
85405914
85436592
85529673
85606064
85690701
85768313
85807556
85852952
85871807
85962269
85996977
86031130
86108074
86123870
86186325
86213972
86268137
86280230
86294606
86346441
86363950
86411356
86465258
86560111
86565341
86574563
86623891
86640801
86692521
86694305
86730404
86818805
86857643
86893091
86948181
86982589
87062572
87100503
87135543
87141445
87174306
87219294
87293009
87304994
87333665
87343840
87435648
87504879
87556657
87612616
87619366
87702146
87715612
87804040
87901895
87959561
87959645
88005539
88058931
88151162
88172727
88251405
88270238
88346406
88420064
88428146
88494021
88523911
88581604
88585948
88683604
88689937
88705818
88801925
88834662
88839095
88860881
88868602
88903972
88977299
89020460
89085636
89137182
89185110
89197019
89261936
89280283
89304404
89365667
89455371
89491243
89533076
89611800
89670932
89749700
89762347
89819076
89890589
89954177
90041954
90126323
90156070
90245051
90257673
90312403
90351626
90367162
90395331
90481306
90554680
90634262
90690391
90737668
90753700
90781817
90828455
90838633
90857295
90911293
90942271
90995846
91016298
91085961
91110561
91175266
91197565
91279239
91306624
91393326
91465818
91529755
91535052
91613528
91695554
91755739
91846057
91906330
91923757
91975495
92029889
92123488
92197494
92208160
92263558
92355511
92367673
92381360
92432223
92531929
92548309
92644862
92725474
92779438
92848384
92904909
92913661
92935190
93010222
93015221
93111709
93162452
93170349
93238581
93265008
93339538
93398324
93472827
93500529
93589526
93594581
93633228
93698400
93790826
93827765
93875217
93961173
93993350
94025657
94092936
94158253
94189195
94236232
94308691
94399921
94473748
94509932
94537252
94558462
94612880
94669659
94681760
94747669
94846649
94900064
94938383
94958108
95053622
95081697
95127057
95166210
95219234
95257245
95341966
95411066
95471705
95485919
95577224
95636216
95637123
95657461
95678907
95761603
95838687
95910659
95927504
95967868
96027926
96041821
96135931
96168198
96204229
96233999
96245080
96325761
96412726
96497140
96529294
96558658
96608934
96612499
96679813
96725713
96809287
96876214
96967461
97012368
97107309
97180009
97246940
97247733
97317828
97324935
97366200
97407943
97506195
97524410
97594545
97661035
97727001
97727403
97785606
97822759
97847750
97861886
97866412
97891423
97920755
97996873
98026312
98064439
98110662
98132281
98191314
98235090
98328179
98400873
98476596
98510758
98529378
98538951
98588439
98633863
98658161
98691531
98706862
98741185
98755354
98806507
98849315
98901166
98993833
99037012
99059112
99140945
99153933
99193600
99204364
99274624
99294790
99320687
99340002
99406109
99497443
99532438
99534501
99553956
99596750
99634950
99695340
99782225
99869809
99900598
99935423
100002818
100032342
100125195
100162080
100262027
100349385
100413761
100510672
100526664
100586650
100647834
100730684
100763206
100860922
100945532
100983873
101069627
101166197
101200556
101300365
101395470
101407012
101426389
101468831
101487181
101532531
101558220
101638941
101735227
101778798
101844760
101944678
102013012
102089556
102127685
102181680
102198037
102283932
102313179
102392963
102410406
102457212
102495781
102499407
102540098
102577121
102613159
102688372
102704093
102758984
102814306
102895506
102908293
102941893
103019563
103047413
103067083
103097546
103166827
103218224
103228652
103254744
103300139
103343352
103416631
103438179
103525873
103535841
103566170
103612073
103623256
103643335
103730613
103783399
103827401
103830959
103846732
103907791
103971901
104025117
104040750
104041827
104102985
104200043
104286035
104380849
104401155
104472799
104571104
104605078
104698731
104714033
104747121
104830626
104881318
104919241
104995150
104998025
105024276
105048942
105060685
105113165
105176616
105227046
105230735
105237930
105287086
105341157
105423067
105504187
105507748
105576893
105631675
105644568
105704404
105798583
105833664
105881993
105904510
105916130
105967808
106064343
106162075
106243937
106249688
106252952
106310943
106345726
106432154
106524052
106537934
106591734
106639072
106696890
106788071
106852932
106945801
106965829
106986582
107046506
107138099
107237820
107259698
107337233
107364236
107453782
107533152
107569177
107632930
107691835
107696309
107712752
107798252
107867018
107934650
107987334
108083263
108088878
108127154
108184790
108242452
108262201
108310941
108320476
108381727
108458467
108486872
108565994
108626127
108628991
108696666
108735862
108826171
108897645
108991058
109049321
109061890
109161161
109193413
109237450
109295357
109349344
109403918
109451749
109531147
109592876
109616493
109676985
109725709
109796154
109840693
109928835
109972857
110040637
110046723
110056533
110111591
110157299
110178735
110220535
110250920
110316066
110381612
110388484
110411527
110505462
110525789
110540854
110579752
110678404
110683347
110773743
110796053
110874591
110908200
110951376
110953270
111031785
111112559
111197723
111256580
111317891
111349178
111446686
111542834
111611814
111626470
111686616
111755553
111765243
111833449
111860346
111886609
111928783
112007439
112074127
112152342
112161050
112174451
112194387
112235859
112249918
112298691
112309533
112393191
112427636
112465244
112523832
112589084
112614458
112672763
112755129
112800113
112876968
112975241
113075154
113105930
113162923
113193016
113266592
113360844
113387268
113462924
113554555
113555237
113557433
113639715
113692342
113746945
113778762
113815585
113825547
113894114
113936942
113942159
114035410
114081329
114141313
114147747
114228157
114323798
114418623
114457032
114499963
114596614
114663525
114721983
114740624
114771512
114864402
114873392
114928611
114965006
115032664
115087872
115177114
115236004
115270764
115292723
115325969
115360849
115428645
115512766
115515917
115548246
115621185
115683368
115698734
115768266
115803679
115857147
115870005
115899374
115940746
115999232
116015336
116096579
116185810
116266544
116286136
116315014
116363310
116370661
116373645
116378076
116400051
116470679
116563532
116600489
116607162
116670532
116728090
116822559
116914119
116965246
116976229
117049122
117109093
117109757
117111450
117148811
117236357
117287022
117333232
117355553
117376596
117466269
117509370
117549134
117588154
117598172
117661586
117754380
117841770
117858166
117928313
117991555
118009265
118059648
118114887
118186286
118280470
118372394
118409487
118450870
118463621
118500091
118597325
118644114
118654994
118743431
118841317
118854850
118858075
118886260
118965877
119036440
119109258
119130159
119142325
119147857
119197033
119209590
119237611
119283105
119360186
119366727
119464531
119516238
119526929
119610765
119707984
119708671
119765521
119844910
119936712
119980682
120027673
120061754
120143940
120190013
120196398
120243125
120295174
120391126
120441658
120497986
120579064
120598610
120627186
120693597
120779752
120866169
120867760
120923887
120963330
121042344
121054577
121120996
121211426
121251223
121330231
121369729
121385946
121454147
121506582
121532263
121536969
121589366
121602580
121617845
121672118
121722994
121819198
121907387
121983115
122022585
122030997
122121569
122160619
122236869
122306312
122333726
122417124
122419661
122497382
122571357
122615852
122631534
122731403
122734007
122796091
122870205
122954772
122993378
123068658
123071498
123079766
123145761
123242731
123320452
123355114
123427590
123505494
123603904
123662266
123688076
123740023
123764167
123771565
123811954
123873725
123962451
123992214
124016197
124026503
124049289
124097439
124165047
124209034
124265479
124293852
124350574
124439906
124492760
124572085
124614345
124652538
124716860
124727946
124815586
124825227
124865608
124915134
124973146
125055799
125108619
125176996
125238201
125251189
125295610
125321342
125382864
125463614
125531726
125541798
125571193
125588697
125633564
125638648
125667325
125687418
125751279
125754703
125849143
125887075
125911327
125955620
126038662
126125733
126184886
126256764
126327112
126399705
126468627
126510863
126581422
126671388
126677757
126771603
126822139
126894934
126955801
127029804
127124162
127206704
127287619
127292711
127388481
127417145
127446961
127542935
127577742
127658212
127743295
127820494
127895869
127988939
128018427
128070796
128154306
128189348
128218235
128219315
128314136
128325917
128376085
128430519
128439054
128477218
128564504
128570817
128605294
128679804
128769864
128800941
128811353
128852662
128912663
128954259
129008994
129014882
129024885
129025237
129070559
129124071
129221533
129243492
129302881
129337313
129397925
129419098
129466193
129479892
129503156
129574166
129601393
129639672
129660116
129663047
129693093
129742131
129795953
129804233
129862739
129922920
130005482
130082264
130121328
130144502
130226398
130322029
130353919
130390186
130391391
130489172
130522389
130606483
130677674
130732347
130745249
130787677
130823678
130841326
130858755
130881494
130957599
130958618
130986728
130998920
131033855
131072617
131086609
131161903
131254881
131259583
131338538
131399922
131485360
131497024
131577554
131578195
131640030
131730569
131796939
131880221
131898667
131988469
132086095
132133902
132177221
132268190
132307526
132382364
132432535
132464318
132488399
132515607
132538270
132550920
132596601
132686625
132745850
132825766
132837582
132875748
132918747
132960248
133024739
133083716
133126353
133198172
133252943
133340060
133434876
133490396
133512245
133546831
133610211
133703309
133759356
133796602
133807772
133834969
133838028
133885255
133949201
133996936
134017791
134033620
134080029
134124140
134147731
134232544
134256768
134322440
134396678
134444948
134500076
134589667
134685146
134759611
134775237
134821247
134914401
134988883
135022604
135114009
135159063
135232383
135248185
135280442
135288156
135377381
135431175
135508130
135604688
135685265
135696025
135792984
135802592
135842706
135900971
135906423
135955348
135983346
136032915
136071624
136074559
136138775
136192922
136246463
136254483
136340286
136372167
136442939
136503842
136576885
136606195
136643153
136718532
136748782
136754469
136767749
136788198
136798034
136863249
136953000
136967368
136990487
137062292
137135611
137144756
137243907
137285919
137312219
137403919
137498768
137572440
137614220
137650824
137711075
137770581
137854987
137943071
138027890
138064689
138079053
138142934
138232936
138311446
138364961
138452698
138466643
138539582
138637323
138667242
138678664
138761689
138810407
138895040
138955384
139011642
139102353
139198244
139210236
139268272
139326986
139327957
139329686
139362771
139386398
139454637
139476245
139572980
139651769
139735483
139800114
139837056
139916398
139959825
139968318
140009171
140041339
140137051
140167399
140194738
140230708
140267403
140339992
140383687
140458477
140458517
140489271
140566402
140586874
140596785
140655824
140717795
140743925
140812907
140837404
140928230
141007820
141010325
141091468
141091607
141123124
141211431
141304003
141360982
141376415
141448552
141455424
141492030
141563885
141576099
141662061
141727025
141776889
141853395
141892955
141971816
142036478
142101568
142156976
142207917
142218869
142260875
142284242
142292377
142306218
142348932
142440769
142470158
142478069
142542521
142586987
142601462
142678168
142767675
142839550
142934192
143023970
143095342
143156295
143215063
143289501
143298839
143310506
143376134
143433919
143507858
143561417
143569217
143634586
143723792
143791287
143884499
143922183
143987469
144009884
144063938
144101566
144121140
144146388
144201964
144212900
144284137
144379485
144391863
144445842
144458930
144522614
144561554
144591720
144653512
144729836
144751687
144763812
144764105
144850129
144876721
144917392
144999226
145004596
145098943
145197002
145235598
145312190
145355529
145389242
145414360
145417098
145509061
145551843
145594615
145690777
145782645
145784059
145842268
145872459
145885613
145971409
146030286
146058227
146059794
146072963
146089713
146151139
146207301
146294482
146313104
146345131
146393873
146493291
146555285
146640414
146651649
146705732
146753359
146823768
146914896
146957284
146971300
146999117
147072276
147084035
147173793
147187465
147203836
147251750
147332254
147352683
147422747
147440864
147465152
147532414
147609136
147620252
147711140
147728528
147767824
147861978
147924302
148011972
148014769
148030430
148039822
148049713
148129011
148198350
148291881
148382960
148429130
148520172
148616389
148672383
148746508
148763537
148771195
148864494
148945836
149029355
149104432
149113653
149183594
149200888
149272671
149362865
149402551
149456984
149488377
149553003
149634085
149677945
149679671
149739988
149833466
149874920
149929523
150012962
150039177
150125116
150199966
150262927
150347923
150379987
150432454
150480047
150546375
150589138
150650193
150682295
150779447
150823341
150860335
150905495
150930324
151007356
151061914
151109625
151113229
151198315
151289542
151329710
151399415
151460495
151554953
151618319
151701931
151754361
151792036
151878961
151937952
151959279
152055959
152080597
152169060
152237340
152270743
152361175
152369928
152417482
152421731
152457554
152526991
152538611
152591063
152594959
152617441
152704763
152715216
152729711
152752995
152825333
152923382
152985306
153023318
153057694
153130830
153135794
153194162
153225440
153241435
153303723
153359439
153456002
153539358
153591730
153679927
153719445
153801303
153808258
153878125
153934758
153978380
153999711
154022712
154105792
154194827
154277745
154329224
154396973
154488067
154529877
154552864
154582866
154632944
154643739
154735174
154770747
154826605
154871345
154934511
155031513
155077249
155110809
155185501
155263651
155337597
155414866
155501135
155543007
155551827
155561146
155579532
155667623
155762422
155814267
155839044
155938095
155957689
156022332
156113077
156125498
156180287
156259332
156309615
156352351
156424007
156518373
156604920
156633534
156642577
156675021
156714019
156794911
156878996
156976177
157023455
157066156
157125806
157128089
157189800
157239251
157296402
157390117
157437017
157536954
157538510
157611682
157658662
157745238
157829346
157842819
157893052
157913554
157958005
157973042
158000323
158006947
158082925
158104413
158129340
158172587
158265786
158296621
158314289
158342149
158353562
158409459
158481017
158516324
158612877
158662871
158749991
158837762
158840530
158880398
158945343
158991019
158996836
159057838
159063126
159131599
159180876
159251344
159316820
159339914
159420134
159497309
159550358
159624328
159717702
159736140
159745197
159829205
159845281
159897119
159973468
160057040
160127694
160142563
160186126
160225058
160284281
160286401
160345540
160414399
160505731
160598041
160620115
160678927
160727566
160800834
160818365
160868723
160919913
160984987
160992852
161092285
161183331
161222443
161291480
161330378
161338959
161342065
161363062
161439544
161452049
161535863
161630417
161694479
161720264
161743752
161818981
161845122
161889595
161938373
161945943
162003565
162060348
162081343
162167424
162255472
162262066
162306654
162337507
162413550
162485742
162549777
162643872
162734044
162776578
162840905
162851683
162866173
162942343
162993625
163010130
163055226
163118499
163151166
163158412
163184193
163268821
163356495
163385279
163435880
163441024
163462546
163552094
163585907
163610690
163684188
163691202
163705901
163729815
163807624
163867397
163949245
163977486
163982511
164045003
164096022
164184026
164203827
164223484
164290832
164348205
164369588
164385812
164477305
164571238
164604823
164646572
164735351
164822462
164877079
164928486
164994391
164999953
165091386
165115649
165163528
165258499
165340023
165341643
165436306
165479641
165526360
165606930
165662504
165759491
165778151
165860787
165884050
165972383
166061412
166151861
166214055
166263258
166320296
166349697
166378403
166395368
166413741
166483210
166579612
166582174
166652602
166666093
166714810
166782602
166868738
166950797
166978278
167026431
167100951
167122251
167163927
167232713
167270550
167302169
167327826
167372042
167442160
167492823
167591954
167635261
167698617
167745571
167793192
167891431
167907269
167912977
167999816
168059794
168131192
168142264
168160237
168211708
168239145
168330910
168426375
168486459
168533808
168609150
168675443
168692758
168726856
168767062
168793289
168845629
168852420
168895261
168908544
168974595
169042808
169138826
169153552
169196273
169207157
169217859
169260555
169350453
169366665
169381159
169454177
169519203
169532756
169626538
169695268
169769752
169794880
169826046
169830580
169867985
169942705
169993080
170030790
170052974
170107002
170160486
170221956
170237446
170279029
170345563
170390284
170417647
170469796
170547832
170577492
170641512
170672570
170687788
170746167
170773573
170811168
170840946
170842883
170901945
170937922
170944733
171022802
171066712
171074765
171170253
171235168
171313465
171389263
171480395
171545719
171641300
171736242
171766214
171768576
171803756
171854407
171935761
172002035
172014614
172032882
172063249
172080562
172157918
172220064
172241234
172301313
172384490
172430826
172484171
172534248
172555229
172622556
172672892
172761881
172842632
172880870
172964364
173013580
173084346
173127193
173181205
173192071
173245929
173336100
173427659
173527081
173592624
173630161
173636492
173649820
173711093
173757419
173808516
173862761
173866150
173938344
174032400
174036573
174056804
174069375
174135275
174156980
174239922
174261386
174326065
174419227
174456734
174461035
174491374
174519587
174533228
174546913
174566910
174567275
174608824
174614399
174647245
174736085
174824995
174915550
174927984
174934494
174946893
175041337
175118187
175144043
175233298
175331021
175351712
175448069
175547456
175634235
175728159
175813349
175814890
175853639
175894387
175913550
175915206
175948400
175965615
175990638
176053576
176090013
176161114
176234267
176236966
176294779
176356009
176448164
176461548
176489534
176550466
176578829
176612924
176688829
176720090
176779349
176858750
176904593
176931752
176987877
177004234
177076823
177148890
177153846
177233388
177262849
177271798
177367577
177423536
177514863
177519967
177582971
177594964
177597003
177626714
177710920
177742741
177800030
177855323
177893827
177899128
177927625
178021753
178045850
178135104
178146402
178166992
178184580
178228423
178277523
178286741
178342767
178435340
178513470
178588105
178613935
178711726
178727288
178804536
178832948
178867688
178926496
179025751
179038070
179105582
179165509
179197893
179262218
179318746
179386771
179447798
179473413
179488084
179511937
179581991
179611443
179647372
179711856
179748451
179823022
179897916
179973691
180033568
180122140
180158852
180256081
180337555
180394840
180480400
180568759
180647296
180728872
180732157
180818837
180867921
180878096
180938804
180966303
180977436
181037472
181074769
181144603
181204603
181298665
181325129
181391040
181394542
181442307
181446569
181488475
181497553
181588060
181621087
181693779
181702005
181759605
181822376
181918636
181946433
181980604
182050135
182079286
182157852
182164191
182170263
182205225
182285850
182367812
182407071
182478810
182542804
182628676
182686051
182715533
182715929
182782241
182840598
182840868
182872582
182884881
182906506
182984588
183055317
183110464
183150549
183203294
183218258
183278391
183366552
183384816
183483540
183548665
183606899
183698441
183753818
183782885
183830550
183846651
183855780
183895426
183937522
183969847
184038341
184097484
184153545
184205767
184223898
184322726
184349352
184444983
184491867
184535391
184589161
184630423
184713538
184746870
184786806
184817693
184879995
184945016
184973624
184999813
185040789
185041603
185055304
185071259
185080055
185121979
185174228
185258113
185357754
185400589
185469036
185546813
185614345
185643561
185689984
185781525
185852802
185883772
185941979
185979093
186077903
186107847
186126225
186215009
186279097
186346294
186351465
186364585
186458915
186550777
186594883
186599205
186615295
186695015
186782866
186862331
186871580
186959987
186986552
187043454
187074416
187135869
187165351
187240677
187245238
187302125
187343683
187350130
187397367
187493129
187502411
187522165
187584125
187614266
187702629
187713277
187774520
187776497
187841281
187937505
187950452
187997646
188076596
188097176
188177456
188276057
188332413
188348070
188415856
188464101
188514827
188592106
188620395
188708539
188799414
188845822
188879210
188884222
188961491
189011253
189094558
189182720
189186923
189234822
189326011
189395044
189409754
189492712
189565832
189661446
189756988
189773731
189792209
189844699
189925524
189948500
189971278
190042133
190128025
190197915
190236074
190263362
190290888
190317973
190357365
190440267
190441727
190531337
190609055
190612925
190680827
190701068
190789052
190848314
190912389
190938080
190985454
191004037
191051941
191148397
191195036
191272420
191317116
191325796
191364902
191423219
191467443
191563597
191639101
191703164
191721518
191755597
191811784
191838559
191923670
191943770
192020584
192092734
192168330
192252094
192252261
192313849
192332345
192395667
192462730
192470904
192521856
192581272
192636978
192665324
192720097
192754785
192759638
192814416
192862775
192890707
192956474
192984398
193022008
193113265
193196835
193224141
193284829
193354435
193441526
193480147
193568858
193594426
193601811
193666761
193681197
193720480
193813018
193854315
193937866
193977497
194068651
194153542
194224242
194257746
194271707
194313532
194401809
194491727
194515339
194527875
194558548
194622667
194669442
194757341
194777368
194783106
194800248
194801440
194827005
194913145
194978243
195044913
195095165
195141821
195177728
195245856
195323726
195422450
195432617
195453952
195479758
195529427
195585591
195632767
195660112
195687989
195726689
195791388
195851978
195892397
195908436
195982141
195993176
196077470
196089375
196169682
196203011
196203837
196218826
196297334
196373511
196395610
196455636
196541599
196553666
196630394
196666951
196736106
196753354
196778436
196815621
196913918
196961548
197017536
197063105
197129537
197191179
197279779
197298210
197372567
197469263
197568126
197586414
197590995
197616194
197666594
197671229
197736364
197773241
197843413
197847581
197873739
197919183
197961103
197996466
198053325
198112601
198147461
198246095
198320083
198356820
198385089
198455539
198547576
198611305
198672854
198768003
198772136
198834456
198903446
198971934
199004078
199046389
199115865
199203305
199252491
199259851
199322457
199402297
199488375
199579901
199608687
199667779
199698875
199725941
199824950
199869485
199909056
199914794
200010815
200072534
200166716
200260022
200325698
200337064
200418217
200460810
200501345
200570647
200640882
200711540
200798736
200814620
200903656
200955456
200994648
201035530
201130360
201157752
201226099
201247062
201257991
201349008
201360694
201404849
201467367
201532704
201586887
201637399
201652299
201721963
201748075
201785919
201842679
201920627
202011311
202061565
202159695
202247789
202337987
202359385
202378867
202386203
202431436
202459190
202494912
202532212
202559063
202619784
202620519
202690241
202691601
202740894
202834347
202911313
202939964
202975164
203070298
203145531
203226649
203290000
203352894
203417019
203446626
203510247
203607346
203625434
203704404
203764829
203863224
203943551
203996916
204072853
204101143
204162156
204218763
204304182
204332566
204398058
204409907
204432596
204451139
204474538
204534372
204558251
204562298
204605312
204645615
204709322
204752744
204783739
204869031
204945144
205041014
205077136
205138486
205147009
205206522
205286245
205366285
205460906
205533043
205632531
205638138
205668894
205755759
205832962
205887666
205890711
205938660
206016093
206054521
206064914
206079463
206080827
206180261
206204011
206260543
206297800
206356283
206380198
206469742
206509400
206515043
206575084
206603824
206690402
206781623
206782158
206848750
206854896
206879366
206882562
206896315
206968173
206974894
206979586
207019649
207035486
207068636
207089289
207173170
207203288
207302529
207333621
207394849
207439331
207448862
207506602
207563761
207628011
207669544
207674927
207729877
207756144
207771115
207774360
207840430
207860671
207904221
207925191
208012148
208101802
208182192
208250634
208266719
208303851
208332692
208370842
208436461
208471098
208564293
208641838
208735637
208797125
208814746
208860196
208886821
208982656
208996069
209001756
209066715
209106033
209170234
209197248
209250844
209252559
209296117
209328650
209411086
209417167
209498703
209583776
209629006
209719799
209755442
209798100
209809861
209896587
209982143
210030258
210045957
210105752
210119585
210148257
210169847
210258145
210339127
210400338
210483859
210539495
210613178
210706392
210770511
210823707
210864237
210927211
210993227
211062167
211094480
211117203
211134902
211156080
211184232
211278735
211351762
211361216
211458816
211542854
211632508
211676042
211681879
211741300
211780715
211832423
211849344
211923509
212013111
212088315
212155899
212246136
212258732
212331910
212387329
212470617
212512298
212518724
212546793
212572028
212604699
212652364
212716804
212804538
212842310
212904619
212913570
212917783
212948234
213047501
213056619
213125794
213170212
213242552
213325634
213411538
213462697
213537545
213599776
213615754
213702651
213713286
213730436
213813850
213859791
213875538
213875672
213883300
213939698
213956758
213980256
214074060
214079498
214169159
214232833
214275934
214337226
214415949
214486637
214586174
214653871
214695169
214749952
214831994
214881558
214913476
214986071
215034703
215122052
215201378
215214412
215261040
215294433
215330299
215413405
215430636
215481439
215482432
215503192
215530591
215602780
215673966
215679872
215733821
215774726
215841026
215926630
215931991
215938274
216001880
216016553
216017127
216062956
216117430
216135901
216176861
216238479
216240073
216271747
216337867
216359584
216455039
216480639
216493006
216579637
216661934
216747149
216797869
216821226
216867061
216893642
216966122
217064487
217162995
217183518
217187889
217283049
217368788
217453498
217544775
217605236
217700663
217777416
217865184
217946077
217960046
218042886
218093332
218113410
218193810
218289525
218380734
218387735
218428167
218461498
218553951
218562760
218579472
218638115
218675420
218736199
218795548
218854549
218941612
219001202
219062585
219138221
219192778
219267035
219286271
219291740
219300888
219357835
219371456
219427174
219517822
219524767
219614460
219704535
219767449
219828204
219881435
219951240
219987485
220013068
220022652
220077952
220124158
220148584
220236945
220280534
220367427
220446854
220494202
220550328
220560924
220575842
220655755
220707187
220722924
220822038
220896322
220969548
221053253
221141419
221233080
221286656
221312260
221345740
221352190
221383202
221430712
221464038
221491528
221587724
221651978
221700056
221718350
221739536
221767785
221848413
221916233
221946388
221949337
222000111
222051930
222112432
222114617
222139653
222147689
222192423
222198613
222274650
222325374
222366589
222427721
222486438
222520897
222528118
222535217
222611862
222622994
222713329
222730195
222745271
222765886
222794392
222824376
222891421
222919817
222999951
223083659
223103408
223181869
223263551
223310612
223333065
223348149
223385791
223483341
223572652
223659740
223714412
223785012
223856585
223939083
223965792
223969459
224029845
224035585
224125347
224207715
224283859
224353318
224385769
224417772
224515992
224587965
224651055
224656543
224742509
224835924
224897802
224905090
224993422
225024575
225060114
225060301
225110951
225147898
225204930
225208609
225235494
225289389
225312448
225328085
225370982
225417993
225485351
225581032
225676080
225769703
225847184
225934068
225975539
225997226
226001726
226089937
226166518
226197107
226248317
226320933
226355938
226445874
226491115
226497806
226565326
226624564
226626752
226652209
226736070
226751896
226831295
226875767
226961752
226998315
227087948
227142297
227167672
227200584
227216513
227260487
227346354
227348783
227373839
227436127
227483154
227544665
227593038
227625656
227647732
227682789
227759910
227789430
227815202
227856044
227861881
227903811
227938058
227941993
227984987
228000115
228010476
228068484
228155256
228204305
228258013
228293391
228351704
228400902
228473975
228498131
228597636
228655405
228672524
228724663
228752888
228801977
228814377
228881854
228969025
229000636
229054754
229075138
229129699
229146656
229148368
229153693
229156224
229234694
229252498
229279410
229362561
229457493
229495530
229552661
229594024
229628884
229629737
229727594
229763755
229828693
229909455
229970406
229980816
230057048
230141522
230172294
230238486
230301175
230306448
230307740
230377964
230466449
230518223
230533436
230577288
230673556
230735957
230744750
230745709
230782250
230808982
230816339
230860577
230878530
230882500
230941671
230941961
230966456
231055085
231093258
231126256
231200939
231232326
231319917
231340777
231437034
231536458
231550948
231564184
231653197
231654498
231750781
231814261
231846642
231928439
232025970
232079066
232119723
232201719
232212380
232300737
232389181
232437981
232438710
232462596
232548928
232609834
232708305
232733249
232794918
232888447
232960240
232986849
233052265
233104583
233127201
233205307
233251763
233279542
233337980
233376077
233457816
233546194
233621307
233684625
233783993
233841339
233861159
233923959
233979005
234069081
234158788
234172588
234217651
234301538
234391794
234438641
234489606
234551164
234582433
234679422
234691051
234699890
234746762
234802886
234875453
234878358
234905589
234909657
234946324
235036661
235074384
235132668
235227473
235287189
235301590
235318189
235352805
235378902
235390701
235477910
235530211
235554401
235614980
235665895
235762766
235803930
235837462
235883201
235967025
236029563
236089057
236164336
236168672
236217725
236267513
236364457
236436790
236440287
236505644
236581281
236592832
236623440
236632279
236725713
236737824
236758532
236857910
236924159
236957568
236966004
237041874
237047166
237058229
237099326
237196962
237281838
237323882
237396439
237423676
237432764
237506030
237530433
237614635
237705387
237781776
237855634
237882685
237922537
238021845
238082828
238163203
238233161
238325205
238344697
238393183
238405735
238500299
238556074
238583057
238598051
238614372
238622618
238639335
238688748
238730427
238769700
238834527
238893981
238902630
238947270
238952346
238971910
239065120
239150001
239204322
239240597
239335339
239418212
239474459
239562719
239576631
239658776
239689554
239714960
239717800
239754866
239815415
239824861
239861037
239928618
239941877
240013754
240058505
240059226
240155790
240163380
240184182
240270093
240271355
240329382
240412277
240421407
240493780
240548024
240617917
240685343
240725126
240765090
240811527
240824555
240846592
240854287
240893133
240926863
240937741
240943053
241032942
241114715
241133488
241193281
241280864
241372307
241406145
241481794
241529994
241594970
241647319
241727609
241749266
241819235
241834868
241917285
241936891
242026823
242118679
242180094
242279735
242344324
242404838
242441182
242507754
242527403
242589266
242653499
242714293
242755619
242800253
242881687
242958943
242963331
243020652
243099230
243195378
243227046
243321665
243381217
243398415
243488812
243553558
243619637
243627316
243707978
243712831
243789281
243812101
243869873
243912258
243928889
243962580
244001722
244002129
244086823
244115874
244135413
244194482
244226901
244234969
244324468
244358245
244453258
244460374
244546687
244598235
244671756
244760976
244772042
244867301
244892707
244968399
244968726
245065268
245146478
245213395
245213550
245277673
245300558
245311207
245410869
245459375
245478326
245519270
245555416
245636189
245665900
245745854
245765501
245777239
245850539
245861026
245908431
245928548
245972491
245989528
246027755
246078522
246121260
246126341
246221464
246225714
246251327
246334274
246346797
246445483
246519606
246545074
246621461
246708785
246774881
246814334
246867025
246948465
246980696
247038399
247054746
247055585
247099277
247140544
247221892
247236596
247248000
247338204
247422216
247519651
247596930
247664705
247702424
247758577
247790637
247801947
247893704
247941908
247977021
248027533
248072916
248096951
248135253
248212100
248291631
248363394
248461513
248541504
248621252
248623180
248664197
248762237
248765197
248776757
248819162
248857652
248933702
248996118
248999173
249087842
249091956
249092261
249112792
249142720
249240249
249275653
249310333
249326151
249423628
249447203
249486898
249491541
249573959
249634748
249644480
249708059
249725514
249794104
249813873
249819959
249863237
249947635
249988620
250043552
250074124
250109776
250140467
250163193
250258267
250298304
250363604
250363646
250404097
250418702
250495962
250502326
250545418
250617671
250689070
250733935
250828032
250865670
250866844
250890023
250950876
251042945
251089973
251141756
251151582
251178622
251268101
251294080
251389611
251419193
251433111
251515786
251543627
251560382
251655525
251709413
251808994
251866202
251938714
252035974
252102661
252155741
252210268
252266648
252287858
252327037
252341965
252352561
252396952
252477336
252478868
252546771
252596157
252639203
252690163
252775570
252841846
252859704
252883964
252955533
252962618
252965579
252992720
253049878
253107021
253109890
253183439
253200531
253294555
253309773
253393182
253418448
253516043
253555161
253583603
253676236
253680580
253719391
253781982
253876776
253921718
253939014
254011330
254100628
254103748
254183796
254251945
254310913
254363249
254430403
254522900
254525838
254596762
254600412
254644274
254736158
254773595
254851150
254938770
255030887
255039423
255052104
255053074
255130857
255173255
255177797
255276267
255326450
255369858
255391012
255483086
255573505
255657613
255718487
255777903
255788806
255870932
255937520
256036337
256122538
256193686
256220400
256238128
256279586
256284488
256377528
256399575
256492919
256587022
256596435
256681507
256762053
256807111
256835674
256915007
256939949
257030695
257080527
257131130
257137294
257218795
257302872
257375711
257461724
257539125
257557009
257621839
257672297
257698347
257777689
257834411
257855406
257915700
257918972
257972633
258066272
258149483
258229532
258286308
258363616
258374831
258460123
258482314
258495984
258589314
258664251
258678735
258721067
258790400
258863870
258948295
259032593
259068071
259144229
259167265
259173466
259249773
259306271
259324889
259342036
259392059
259435808
259497503
259521297
259578169
259626311
259632841
259717827
259748841
259829433
259887676
259919096
259933862
260025515
260105729
260137728
260192868
260270032
260339694
260350058
260371602
260438550
260538281
260573800
260617492
260712280
260716011
260731128
260775165
260851769
260876692
260921781
260986378
261005656
261063906
261149826
261247679
261317272
261344501
261433740
261524130
261528996
261623306
261694649
261710030
261748076
261748766
261823555
261830436
261860500
261897326
261901297
261997911
262095352
262186015
262239407
262329853
262405872
262487189
262565664
262598524
262662686
262677940
262776665
262800738
262898201
262995268
263094687
263178783
263219337
263278325
263281514
263364686
263379856
263412479
263468375
263486054
263581506
263634674
263707921
263731640
263752355
263782913
263848843
263882788
263892862
263929480
263963630
264031534
264116124
264152044
264192115
264287849
264359172
264445716
264496769
264548740
264606101
264695461
264723558
264799917
264801760
264874815
264903960
264903964
264953114
264956386
264973125
265060089
265137885
265236222
265274261
265338500
265352308
265439802
265534049
265592095
265639958
265716460
265722155
265811923
265846412
265872147
265943055
265966964
266033983
266109229
266178925
266213943
266244964
266256492
266295518
266350589
266366124
266423860
266517970
266560162
266651334
266713467
266793126
266872655
266968916
267043758
267112046
267146423
267167960
267227195
267287469
267362522
267387089
267415672
267497003
267553683
267644447
267679882
267727496
267754586
267844219
267915552
267920414
268012417
268068510
268111322
268133230
268213225
268306211
268390709
268392722
268476911
268551988
268621157
268686687
268707453
268789200
268845244
268874550
268924891
268965282
269061216
269115199
269211283
269237187
269284462
269377141
269385469
269402982
269495270
269539484
269548844
269600227
269635083
269712854
269733500
269802412
269813189
269826773
269912619
269955706
269986936
270016950
270066081
270068435
270165240
270198012
270289492
270307876
270313947
270365365
270442275
270460142
270487160
270499687
270549149
270592340
270675433
270754384
270778497
270838688
270878175
270911788
270927342
271000711
271076318
271134809
271154848
271186526
271267027
271332688
271369232
271455866
271489848
271532993
271615045
271704422
271733624
271742471
271798682
271867120
271913755
271946345
271955245
272003684
272050312
272147979
272184362
272262544
272306948
272323906
272394252
272404595
272476442
272480260
272579624
272623845
272686687
272755145
272790586
272854743
272932694
272953226
273038394
273105400
273181275
273213250
273251219
273296359
273337582
273398506
273459754
273553780
273624393
273666798
273698609
273764998
273822786
273876537
273973944
274000642
274061295
274084081
274110168
274175161
274232067
274247124
274336493
274401587
274453683
274464324
274500302
274540529
274602173
274661560
274723812
274775372
274786695
274815517
274882878
274891692
274921608
274982592
275053349
275138021
275220501
275271306
275284581
275335365
275353473
275361138
275377337
275416116
275478704
275571327
275651533
275718487
275777307
275788467
275847566
275856673
275884642
275905842
275941732
276026107
276066173
276126447
276181804
276183049
276213850
276266933
276320344
276375081
276431983
276442348
276540757
276597232
276696943
276779113
276850512
276915264
276957020
276965246
277041442
277124192
277162342
277163480
277196618
277253963
277322213
277330206
277336548
277415381
277514339
277548107
277630045
277682439
277779455
277804796
277893196
277899984
277995555
278018872
278034144
278055649
278088749
278131101
278170562
278201338
278248369
278267926
278309398
278364049
278444945
278497665
278570732
278621092
278658129
278741065
278802362
278888453
278944654
279030232
279041514
279105086
279158540
279237427
279252399
279297530
279343141
279410233
279486260
279582272
279615505
279670140
279714921
279781032
279855484
279858243
279876336
279929034
279997917
280013958
280045556
280104617
280167397
280210580
280212454
280278075
280300379
280337098
280377317
280406560
280480910
280498376
280501686
280601682
280676029
280765264
280850092
280865402
280880621
280950811
281026665
281117767
281164568
281243115
281288286
281305055
281345906
281359925
281428592
281463170
281562824
281638721
281707750
281754680
281845409
281912474
281937294
281943101
281953785
282028679
282030523
282094496
282146772
282161404
282196708
282236660
282266559
282326467
282403545
282436540
282494380
282561393
282630436
282662890
282686426
282714571
282734006
282752067
282769210
282772674
282844635
282853608
282903620
282943938
283038365
283116842
283191853
283288261
283337051
283382477
283383816
283425538
283455915
283472192
283548428
283553099
283591403
283663216
283751812
283776125
283777865
283813985
283832496
283879005
283977202
284030141
284074526
284147167
284191966
284257544
284340524
284351086
284398189
284431014
284465122
284473671
284478983
284528352
284535339
284573407
284592424
284642372
284648358
284747146
284761807
284832952
284836370
284856274
284923531
284955694
284978473
285014444
285110392
285111766
285171891
285195390
285291633
285348151
285415891
285486298
285530606
285574617
285640763
285738789
285750793
285841468
285849897
285905841
285944355
285953102
286042043
286101560
286129253
286224906
286247889
286288766
286371266
286452438
286510020
286579931
286620571
286663395
286742681
286746327
286790310
286865503
286900853
286941715
286978429
287013541
287099503
287157018
287212814
287214621
287242073
287266573
287304369
287357009
287380595
287476865
287492157
287497754
287554158
287653866
287733578
287747336
287806808
287869905
287942757
288000073
288095799
288122818
288188304
288192740
288267909
288283781
288315682
288404465
288493944
288541573
288592023
288654235
288661897
288740786
288748895
288827145
288889550
288959178
289030145
289088697
289103892
289159793
289219561
289238737
289300429
289362961
289426930
289456494
289510822
289595243
289676862
289724726
289811871
289837104
289903080
289988061
290055592
290121360
290193502
290233061
290275242
290324649
290407680
290448110
290527792
290528318
290543412
290621504
290677769
290767737
290857454
290936414
291036394
291051969
291056775
291059926
291146093
291229100
291312519
291350080
291351519
291398883
291431899
291511981
291528581
291580954
291591955
291686069
291770017
291788250
291848216
291905715
291956953
292046313
292065608
292107147
292189075
292254477
292281411
292302018
292364981
292455184
292526064
292555834
292620904
292712025
292809944
292868507
292932692
292983071
293008544
293031448
293066245
293159762
293210529
293225566
293275393
293357552
293379206
293447407
293478862
293539623
293558795
293608293
293680224
293763596
293785956
293872476
293972159
293993413
294018865
294086619
294160988
294164499
294248638
294272432
294279588
294286768
294349832
294405272
294409062
294508998
294600187
294646848
294668581
294746566
294807326
294903763
294924403
294926680
294957240
295043699
295051994
295074142
295164289
295207939
295258218
295336462
295404152
295489098
295514943
295587967
295626377
295667040
295743828
295775378
295805075
295847583
295888995
295931549
295999140
296085576
296113785
296182996
296197061
296237892
296332189
296414603
296446131
296474742
296549984
296567700
296647415
296701240
296737928
296801758
296896047
296964607
297040433
297096145
297120917
297213158
297245112
297306000
297387681
297434822
297456581
297488182
297508276
297539513
297636592
297657023
297699737
297762640
297826273
297829579
297922329
297938942
298038577
298040645
298049293
298116134
298169632
298221458
298238926
298309982
298391090
298449224
298488758
298511480
298600133
298645844
298684868
298776631
298780460
298856700
298884929
298904803
298937243
299007485
299098782
299146827
299227385
299309848
299408513
299459966
299465621
299466193
299521798
299527949
299575356
299615306
299653887
299705206
299771783
299785432
299857263
299925097
299972306
300008781
300045789
300073009
300136674
300151577
300181814
300198893
300242129
300327212
300387916
300447851
300521648
300610492
300706653
300742594
300767682
300840592
300926811
300942865
301023009
301033806
301099890
301132861
301202226
301267575
301299510
301340333
301388874
301425508
301484517
301516710
301558963
301591719
301671854
301746010
301789492
301800945
301800974
301898392
301948548
302012918
302032777
302126340
302208537
302287719
302357325
302405461
302477493
302555220
302640160
302719169
302755518
302800608
302852550
302858784
302877320
302932385
302948957
302992552
303062504
303129872
303144595
303159184
303214447
303221992
303293504
303365210
303385595
303413680
303482054
303484690
303529167
303565492
303571138
303631144
303638612
303638884
303648049
303649004
303724228
303780770
303846929
303916275
303927501
303943846
303997927
304084935
304173322
304193380
304227864
304311851
304366410
304400789
304409890
304501630
304574463
304586638
304679500
304742144
304821733
304890721
304973049
305014788
305052928
305150325
305176991
305259938
305329626
305395436
305494747
305527130
305600624
305617834
305710164
305807808
305815831
305910699
305960852
306002955
306086503
306132342
306133847
306163911
306199419
306270518
306354687
306358335
306358583
306419006
306480075
306480285
306505861
306605677
306631329
306636193
306712428
306784228
306849353
306928194
307024122
307090253
307102303
307141139
307159438
307195087
307205469
307301805
307327122
307377111
307436310
307478767
307506191
307551255
307618033
307685244
307716773
307766817
307833110
307897415
307900304
307931570
307971920
308018794
308045544
308095113
308169184
308209505
308303469
308399216
308426519
308438267
308509820
308518630
308589139
308684579
308756841
308829018
308891560
308985791
309014087
309065974
309110411
309179485
309219959
309234497
309285482
309319349
309381942
309438843
309488949
309536672
309568078
309647846
309697302
309772296
309819778
309872152
309927821
309972348
309984697
310033297
310053012
310056625
310143879
310164067
310188431
310219218
310295934
310382855
310391101
310457150
310469616
310509973
310603072
310688241
310723325
310736128
310820974
310846389
310935786
311016667
311067383
311131420
311191403
311252703
311341698
311396060
311485761
311548144
311566191
311634677
311663051
311751668
311841207
311850868
311858668
311942548
312039907
312136070
312214248
312240962
312257931
312326270
312385098
312482322
312537197
312558993
312604386
312674151
312704764
312776582
312815540
312862990
312868919
312879353
312911670
312979202
313059094
313096880
313151388
313186885
313250282
313320712
313324006
313380022
313390894
313443567
313512372
313562748
313619448
313705841
313805346
313845862
313869352
313921851
313928682
313981612
314024130
314069570
314125304
314205867
314262194
314326038
314356381
314441039
314514322
314607045
314687601
314735130
314780495
314878919
314930538
314980260
315066087
315089530
315155734
315170712
315180874
315245446
315324196
315410047
315410717
315504218
315528842
315532915
315543979
315601669
315699563
315737414
315761543
315814307
315832333
315847825
315890349
315964177
316042173
316102680
316109056
316172130
316234550
316297190
316357380
316402190
316421356
316460509
316538133
316581883
316624940
316645284
316686680
316704234
316790974
316870333
316891160
316923265
316938780
316959937
316994266
316997580
317058076
317117456
317171161
317257646
317268752
317327310
317404547
317438711
317527876
317553014
317613347
317694784
317789815
317813657
317911427
318009885
318065382
318157031
318225418
318306075
318385816
318476011
318566856
318594734
318620687
318685896
318720413
318758713
318833835
318834095
318888332
318981903
319040262
319053020
319069309
319141997
319218786
319302528
319346260
319387602
319439998
319499639
319504959
319603604
319698391
319738910
319836567
319932184
319996944
320092488
320127024
320192586
320249685
320300273
320327421
320334083
320357998
320382182
320429178
320463344
320515330
320587253
320660422
320711437
320714281
320744802
320752568
320805922
320819188
320855984
320952090
321007097
321074521
321138877
321214576
321244852
321297447
321329954
321342978
321381271
321469399
321517583
321616100
321642626
321728362
321739161
321739343
321776679
321789103
321844948
321932714
321945924
321971712
322028354
322100071
322189431
322272243
322279309
322291690
322363285
322396504
322486480
322554639
322617038
322620422
322688159
322732921
322760223
322818273
322824440
322917285
322961108
322986270
323046204
323097902
323181764
323228900
323295997
323384462
323423905
323485353
323494422
323512666
323593148
323682233
323764521
323794095
323877142
323948591
324040948
324099441
324174453
324250438
324269715
324365300
324456366
324542152
324641252
324660869
324728161
324805928
324824745
324865439
324895917
324929409
324981677
325036543
325116580
325187144
325208896
325226111
325301725
325335790
325366008
325426430
325449992
325498567
325554056
325593388
325653066
325731145
325740108
325775908
325874667
325962765
325991242
326031937
326085165
326134722
326169450
326229874
326285935
326375571
326461961
326521452
326590331
326678110
326749563
326828066
326908557
326948519
327035552
327109320
327186989
327243982
327253944
327316733
327329827
327340292
327356962
327437953
327506174
327547115
327552661
327560742
327651584
327729817
327799901
327813390
327886326
327973221
327987228
328039037
328056804
328061451
328110572
328191641
328254364
328333652
328409516
328447922
328461212
328543350
328551025
328623261
328670425
328688675
328785037
328789172
328853004
328916193
328971354
328985361
329016951
329059921
329084067
329114094
329140884
329179898
329181522
329252623
329258130
329298277
329344966
329355032
329389032
329434017
329503554
329522298
329557569
329639782
329683494
329754126
329776870
329868002
329904159
329994431
330056397
330144285
330157821
330161874
330255846
330287175
330386264
330449631
330542397
330562471
330589170
330630122
330634295
330641051
330642342
330740787
330806818
330894542
330910383
330912709
330921153
330955010
331028426
331096663
331105049
331190620
331265337
331311600
331337518
331413666
331449461
331481959
331498851
331567269
331646240
331701227
331743468
331831851
331928191
331937638
331969770
332045964
332127696
332227493
332314022
332396196
332431387
332436043
332522063
332526330
332555890
332571218
332575261
332631149
332651680
332702017
332762461
332860550
332893481
332968916
332995848
333040147
333072337
333135657
333201281
333270546
333348777
333372875
333406930
333432574
333495128
333546028
333622689
333634058
333679614
333755345
333779842
333791691
333809721
333906137
333971639
334065465
334163375
334185145
334282712
334337317
334353929
334376854
334418926
334436486
334441853
334450674
334516973
334575348
334636735
334734052
334827460
334830649
334831137
334881055
334938035
334984346
335056509
335062886
335162725
335244190
335303717
335367941
335451555
335505174
335509560
335538743
335561444
335641973
335662473
335692031
335771256
335832564
335836974
335935377
335989298
336078081
336160422
336196923
336271889
336357202
336397485
336439908
336439950
336446623
336546037
336607232
336687160
336754249
336809317
336899606
336945106
336985722
337037784
337129834
337209938
337222570
337265586
337305462
337399752
337444751
337497023
337589434
337665387
337695744
337704902
337720506
337808073
337858026
337951735
338018660
338066008
338093740
338094300
338144970
338167993
338199052
338246532
338329728
338382797
338424459
338449482
338478625
338517947
338615039
338657766
338675233
338676367
338698545
338720155
338815782
338897217
338944513
338984335
339050894
339101073
339147079
339224833
339303399
339391879
339436012
339457976
339509012
339565939
339599285
339674081
339729049
339756902
339790652
339853054
339860473
339943091
339945739
339955444
340036962
340052548
340068645
340075868
340154586
340206232
340272526
340314223
340368911
340409720
340464971
340501139
340545804
340638163
340698476
340760550
340814188
340859587
340932063
340989726
341067487
341081556
341085810
341152213
341165334
341190701
341197803
341268569
341273430
341321623
341387244
341416343
341423796
341476179
341510715
341515385
341534238
341548434
341553404
341554684
341637544
341697219
341776349
341802381
341805428
341904518
341987311
342039596
342128336
342187977
342216631
342229286
342322608
342331010
342345903
342377464
342420172
342505500
342521332
342545302
342586287
342590138
342680884
342750684
342828462
342864152
342932403
342976048
343025741
343059989
343144844
343163204
343169880
343230842
343255110
343274431
343300470
343308587
343399250
343494271
343509435
343531161
343576347
343663609
343710782
343721930
343775680
343803405
343871569
343915869
343943490
343952071
344004896
344006551
344095309
344153843
344158734
344229793
344311764
344380055
344438196
344513628
344586015
344614830
344673690
344729715
344807520
344895662
344918516
344991072
345035588
345125300
345169117
345224376
345278576
345329278
345403385
345465992
345524290
345622069
345710422
345782911
345845016
345892128
345893285
345956191
345992517
346071452
346078847
346145892
346170394
346206701
346245467
346268016
346284201
346325421
346378010
346462465
346492187
346498065
346587699
346674179
346679016
346680694
346718477
346805406
346899162
346989083
347014538
347093444
347110956
347118434
347183965
347252097
347283046
347286058
347365924
347421779
347431791
347519655
347589104
347685389
347745306
347781189
347840759
347890377
347949890
347968508
348066877
348165236
348262169
348285769
348371580
348387202
348466770
348511319
348554513
348568451
348629444
348651834
348661645
348680434
348712340
348717985
348783116
348872184
348889253
348925231
348947961
349005145
349026698
349089662
349134003
349233802
349325500
349342525
349430676
349467542
349509940
349514643
349530700
349601001
349673975
349739753
349804093
349808459
349875038
349948585
349992569
350040217
350092678
350175011
350231632
350312878
350357218
350389612
350403356
350426180
350506412
350511814
350590825
350677961
350701500
350780510
350803147
350803965
350844619
350912989
351011370
351040875
351110924
351130917
351185363
351265702
351294914
351330799
351412267
351480031
351504741
351580456
351677538
351761614
351809155
351862534
351877757
351952640
352033631
352060805
352069005
352142961
352228687
352237229
352242593
352309435
352356436
352370001
352435157
352519196
352520071
352609040
352631303
352682741
352715050
352813413
352903834
352953967
352963820
353035339
353057119
353144824
353189437
353288037
353381410
353451387
353522639
353564561
353574369
353644389
353733778
353765154
353823926
353895453
353964122
354030389
354039836
354071198
354111843
354117255
354152983
354153752
354241177
354288386
354322255
354369366
354389126
354420903
354475973
354523962
354552455
354600554
354645557
354664349
354719172
354784845
354833359
354879420
354890000
354897901
354924856
355017185
355052995
355104467
355122965
355219994
355299113
355306554
355397385
355400966
355477405
355569130
355619805
355657174
355686641
355693164
355786986
355878082
355943230
356020860
356071894
356140832
356176770
356254339
356305834
356355254
356364351
356445000
356494154
356545559
356609647
356697703
356774813
356842232
356862256
356946087
356976359
356993186
357004208
357080840
357117535
357204927
357207829
357285179
357337310
357354537
357441066
357476170
357483440
357500891
357586682
357619284
357636810
357691841
357774473
357831980
357896374
357914340
357962933
358024727
358071705
358131088
358188894
358265432
358328300
358378160
358427809
358500697
358512634
358543403
358561821
358578924
358669189
358690700
358720960
358802667
358818120
358838585
358859804
358945181
359019826
359037561
359131769
359145324
359157338
359181779
359225881
359287770
359294101
359314638
359327186
359351003
359408909
359439314
359508214
359574839
359598884
359697012
359756851
359771164
359846069
359898653
359990785
360044240
360114586
360174234
360217037
360272448
360348155
360435016
360499884
360511257
360513753
360535718
360551955
360577783
360660961
360676773
360726391
360795978
360857828
360876819
360900031
360962423
361022491
361112587
361136326
361141578
361166469
361265770
361335713
361378435
361382587
361481240
361570186
361627573
361676772
361720228
361802559
361869393
361939993
361986744
362050562
362102255
362158860
362222110
362307212
362354172
362367164
362406736
362491669
362508404
362573611
362604738
362637007
362656550
362726693
362781991
362861740
362945781
362970258
362970344
362999961
363083510
363143336
363233707
363289914
363377046
363432223
363531590
363602394
363690317
363716331
363796912
363872440
363964593
364015164
364077980
364141421
364231006
364299250
364315045
364356993
364435040
364499351
364518101
364617054
364716354
364777294
364826295
364898698
364933916
364983972
364993472
365035537
365037238
365064692
365164405
365198079
365287949
365358083
365445660
365543033
365553292
365608794
365677217
365728716
365778775
365817224
365898252
365930429
366020596
366102735
366175712
366182814
366214033
366241267
366339119
366366949
366438824
366506500
366581933
366600081
366694031
366756284
366765718
366821872
366866733
366925595
366974970
367051527
367061987
367146149
367208171
367277620
367357471
367404242
367478600
367545782
367576288
367616413
367646493
367669428
367752920
367838452
367921624
367938496
368009475
368018011
368074826
368084036
368100052
368143528
368179308
368275032
368277492
368358488
368439384
368467459
368498296
368582659
368632106
368687329
368706632
368766491
368801271
368871988
368874868
368940753
368953685
369010462
369094906
369166143
369217758
369267260
369313585
369360076
369389724
369418958
369499290
369501688
369543739
369557188
369558817
369633423
369633997
369678484
369680009
369715307
369715428
369799082
369836436
369901840
369983140
370013600
370032641
370107479
370150126
370203577
370269490
370367953
370425560
370488578
370521144
370601438
370631045
370707713
370788839
370851176
370862237
370863788
370940458
371026375
371037855
371122164
371188329
371274257
371362134
371384612
371418841
371434799
371495810
371497540
371518087
371544123
371638054
371643925
371662787
371692001
371784111
371847192
371894721
371977508
372053651
372078488
372087900
372096629
372158745
372184483
372194759
372224580
372247457
372249283
372296055
372370101
372453178
372461144
372544883
372573208
372638050
372664720
372690592
372701976
372726908
372785990
372884466
372954201
373050696
373077795
373136714
373213088
373214896
373249349
373313899
373379266
373451345
373455043
373485228
373579504
373611191
373638767
373697221
373734493
373813595
373884724
373977204
374015665
374027599
374042971
374130478
374187582
374265650
374308901
374365726
374405173
374475976
374502828
374531963
374568106
374661094
374729549
374739118
374744126
374767131
374843058
374934207
375026055
375107137
375179803
375210234
375299367
375363176
375433240
375497854
375506118
375569054
375612296
375675185
375769209
375798206
375802515
375808283
375870407
375943326
375998318
376064776
376077375
376097371
376171200
376255355
376306627
376333305
376333874
376408325
376472538
376521045
376544043
376575359
376606988
376698772
376743575
376806889
376813482
376825450
376869549
376911581
376931478
376999737
377064265
377125214
377136560
377211848
377292144
377351257
377439796
377521534
377598290
377693458
377737687
377811973
377840780
377883064
377943340
378017295
378068106
378154401
378250074
378283030
378335138
378388785
378422671
378431870
378434494
378510970
378579475
378588052
378674368
378694362
378770253
378841330
378869185
378955060
379048306
379084026
379119717
379161950
379218245
379251311
379296896
379308855
379313518
379340326
379385210
379476040
379523040
379560054
379656769
379751399
379827234
379849055
379908859
379960586
379982551
380024985
380105331
380149686
380194566
380259971
380293360
380385531
380450599
380462219
380553974
380613848
380667486
380762287
380833442
380925077
380953274
381028642
381082208
381162947
381174338
381180799
381226133
381258462
381341814
381420141
381482871
381490347
381549566
381557223
381637277
381708497
381775734
381855136
381942367
382032568
382124559
382208319
382269740
382317746
382395373
382454980
382504201
382543602
382642373
382701620
382784848
382858805
382875003
382903608
382954310
383008651
383066992
383144710
383176639
383253568
383254038
383315214
383395147
383395636
383491058
383563760
383662418
383756754
383763401
383825312
383921477
383923915
383943758
383964258
383979695
383989729
383997009
384077652
384168601
384172515
384184740
384193182
384194743
384247371
384301572
384302741
384369268
384419504
384506865
384571911
384621055
384679593
384727181
384742379
384805875
384829302
384830725
384876383
384969132
385021063
385040704
385089010
385139075
385182857
385196794
385219015
385251829
385297803
385360544
385452137
385550044
385643464
385693241
385732063
385780589
385872754
385952488
386024454
386047278
386096950
386098037
386169961
386201909
386240792
386300097
386301646
386330716
386404053
386414451
386433843
386497859
386567052
386611698
386709328
386806147
386872237
386902175
386964346
387052289
387089047
387135231
387231709
387239302
387280849
387296318
387393618
387483947
387569803
387632479
387652151
387750694
387763227
387838242
387858312
387908583
387962791
388061502
388063619
388069546
388128741
388172403
388256108
388290481
388326648
388378879
388411485
388485909
388571174
388576228
388626793
388660479
388677953
388745549
388796973
388872642
388895336
388940218
388990321
389018342
389032375
389051245
389100694
389182666
389197458
389212061
389294039
389378367
389400936
389476693
389542504
389589217
389591333
389645572
389718786
389723453
389792603
389887521
389892481
389922967
390002121
390011961
390048488
390089611
390112680
390150129
390245225
390290714
390379128
390400315
390453911
390530699
390604435
390661928
390666029
390712698
390779248
390846095
390871083
390926538
390945241
390980734
391011785
391041723
391055523
391114782
391122488
391161356
391175048
391205430
391234464
391325824
391420444
391458117
391460971
391505236
391510624
391566142
391589971
391632216
391634960
391677689
391688977
391739715
391770733
391826911
391886361
391895797
391989167
392009711
392033622
392092180
392099079
392197488
392291018
392346644
392409712
392467104
392525741
392580122
392670633
392756356
392795785
392885241
392918479
392934073
392971478
392992106
392994123
392999231
393066137
393093786
393101581
393159345
393228318
393306152
393388752
393486561
393519375
393586717
393598318
393631115
393668995
393759030
393852557
393923482
394016409
394116301
394175552
394221479
394268959
394366470
394405275
394490038
394509773
394572083
394642813
394741400
394803822
394849101
394874870
394967425
395041384
395074088
395148770
395209853
395214546
395297166
395319309
395359788
395417508
395446185
395546096
395569239
395576360
395612068
395661801
395670415
395723303
395775021
395839396
395901628
395951949
396030658
396041558
396042321
396094846
396169953
396249478
396334656
396363213
396435230
396482664
396498831
396532539
396559492
396590772
396593256
396616487
396666130
396672718
396763728
396795236
396845944
396912527
396933844
397022820
397040977
397044108
397105815
397183459
397261239
397332680
397379994
397479967
397502649
397578048
397633282
397645795
397735875
397834326
397839920
397858912
397884102
397914371
397934453
398001465
398065515
398160629
398199541
398258500
398284030
398340008
398373928
398390051
398478242
398557988
398575478
398626318
398665615
398700385
398775860
398827288
398871058
398933773
399011309
399029117
399047181
399107658
399123647
399198614
399277197
399360874
399362467
399406254
399483231
399567023
399623443
399628290
399674412
399725986
399751296
399847021
399902855
399925240
399989214
400045179
400077446
400160915
400206820
400257985
400327707
400371361
400457614
400544770
400644116
400689697
400739951
400762181
400829136
400923317
400925754
400932621
400985644
401084463
401181549
401196787
401238235
401311172
401384052
401403725
401425318
401513742
401566813
401579000
401663521
401708630
401746879
401800008
401822891
401841140
401891766
401907654
401917778
401962831
402010776
402108278
402186693
402210850
402303519
402334429
402406150
402444077
402482240
402499454
402545828
402637804
402731446
402760765
402823603
402894013
402970202
403065206
403149586
403218375
403253865
403283934
403286009
403303713
403372734
403446533
403488050
403504357
403527487
403590673
403641975
403734823
403773573
403788782
403805533
403840882
403939133
404035963
404078639
404125540
404163572
404252010
404309743
404394197
404438684
404463978
404500280
404592597
404638257
404649932
404697092
404772771
404867229
404936956
405035219
405097712
405172020
405246486
405336847
405405931
405416804
405497474
405565777
405606312
405616065
405651912
405707059
405776927
405844486
405882841
405945940
406017478
406018957
406085246
406096265
406110182
406162043
406174233
406252886
406332718
406419626
406498444
406590053
406649284
406709924
406762993
406782472
406872523
406904340
406911766
406953798
407016985
407115282
407135041
407182164
407191536
407212318
407284541
407303901
407385594
407392712
407460787
407532906
407584739
407625754
407689176
407753278
407842913
407933637
407983827
408027635
408043919
408102191
408198456
408242932
408325682
408345792
408426579
408441216
408488967
408506345
408606330
408706284
408775633
408867018
408912099
409005094
409101006
409188929
409222515
409223141
409253427
409287096
409293377
409384652
409466468
409563673
409579473
409640405
409675918
409679735
409685964
409688867
409760110
409814204
409912908
410007068
410056839
410104756
410146520
410178876
410192241
410211075
410280563
410334368
410412434
410467744
410524531
410603435
410684326
410699560
410769692
410852473
410875321
410909274
410972406
411048534
411094232
411099314
411186705
411283814
411352409
411377575
411437461
411489067
411507092
411604848
411643217
411712493
411796088
411885098
411954160
412015716
412114664
412114767
412170128
412200681
412219342
206506306
